1a-------------------------------
checkerboad
w = 6.676e-06  -1.1483e-07    -0.002547
  -1.1483e-07  -2.0578e-05   -0.0078177
    -0.002547   -0.0078177            1
k = 185.3320 -250.1840   88.3698
         0  102.2556   31.2315
         0         0    1.0000

1b--------------------------------
checkboard
w = 1.6519e-07  -2.4266e-07  -0.00017571
  -2.4266e-07   2.0614e-06    0.0008682
  -0.00017571    0.0008682            1
k = 1897.5       867.63       537.98
            0       590.65      -357.84
            0            0            1

squares
w = 6.367e-07     1.53e-08  -0.00032223
     1.53e-08   5.9246e-07  -0.00020614
  -0.00032223  -0.00020614            1
k = 1100      -27.412       498.04
            0       1140.7       335.07
            0            0            1

2a--------------------------------
squares
w = 6.1423e-07            0  -0.00024411
            0   6.1423e-07  -0.00027075
  -0.00024411  -0.00027075            1
k = 1129.5   1.1287e-09       397.42
            0       1129.5       440.79
            0            0            1

redmi
w = 1.29e-07            0  -0.00012691
            0     1.29e-07  -1.4715e-05
  -0.00012691  -1.4715e-05            1
k = -2602.2   5.7177e-10        983.8
            0       2602.2       114.07
            0            0            1

ceiling
w = 2.1274e-05            0    0.0060246
            0   2.1274e-05   -0.0082246
    0.0060246   -0.0082246            1
k = 74.893       93.675      -32.286
            0       93.907       44.075
            0            0            1

checkerboard
w = 1.091e-06            0    0.0001628
            0    1.091e-06   -0.0023916
    0.0001628   -0.0023916            1
k = 628.24       117.65      -15.651
            0       211.47       229.93
            0            0            1

2b-------------------------------
sqaures
w = 6.4285e-07            0   -0.0002892
            0   6.4285e-07  -0.00019941
   -0.0002892  -0.00019941            1
k = 1121.1  -4.7218e-10       449.87
            0       1121.1        310.2
            0            0            1

checkerboard
w = 5.1744e-07            0  -0.00022482
            0   5.1744e-07  -0.00014212
  -0.00022482  -0.00014212            1
k = 1291.7  -2.7601e-10       434.48
            0       1291.7       274.66
            0            0            1